0                         0                        373.15
0.002267704966004478      0                        372.24356210956984
0.004942117403417615      0                        371.21934767411665
0.007673302292527588      0                        370.22007566809566
0.010405972063274831      0                        369.26684943903774
0.01313864183402207       0                        368.3596486924937
0.015871311604769314      0                        367.49792487071363
0.018603981375516557      0                        366.6811569162727
0.021336651146263794      0                        365.90885095515705
0.024069320917011038      0                        365.18053999812867
0.02680199068775828       0                        364.49578365835293
0.02953466045850552       0                        363.85416788511066
0.03226733022925276       0                        363.2553047135023
0.035                     0                        362.69883202014876
0.037732669770747254      0                        362.18441333516046
0.040465339541494484      0                        361.7117376137378
0.043198009312241735      0                        361.2805190335266
0.045930679082988986      0                        360.8904968501482
0.04866334885373624       0                        360.5414352293261
0.05139601862448347       0                        360.2331231043579
0.05412868839523072       0                        359.965374048487
0.056861358165977975      0                        359.73802616217824
0.05959402793672522       0                        359.55094197522817
0.06232669770747245       0                        359.4040083632582
0.06505788259658242       0                        359.29718368064516
0.06773229503399553       0                        359.23129640789193
0.07                      0                        359.20541374679556
0                         0.001                    373.15
0.0011155098669548124     0.001                    372.7018786439491
0.0011320088435041447     0.001                    372.6953041718878
0.0035579324499038015     0.001                    371.7469351588966
0.00489513866861037       0.001                    371.24010799273395
0.002247437392339749      0.001                    372.25466489475934
0.006263809203203805      0.001                    370.73306407969375
0.007629401647758793      0.001                    370.23888873958896
0.009000126597609293      0.001                    369.7545618037001
0.010366461482982915      0.001                    369.2833844613282
0.011737186432833415      0.001                    368.82225701314695
0.013103521318207035      0.001                    368.3740636978939
0.01447424626805754       0.001                    367.93585601269234
0.015840581153431156      0.001                    367.5103748444601
0.017211306103281657      0.001                    367.094821099667
0.01857764098865528       0.001                    366.69179397595695
0.01994836593850578       0.001                    366.2986420911919
0.021314700823879405      0.001                    365.91782453042464
0.022685425773729898      0.001                    365.5468360145706
0.02405176065910352       0.001                    365.18799700778084
0.02542248560895402       0.001                    364.8389468143129
0.026788820494327646      0.001                    364.50186868501646
0.028159545444178143      0.001                    364.1745450754856
0.029525880329551765      0.001                    363.85902334763443
0.030896605279402266      0.001                    363.55322776322674
0.032262940164775884      0.001                    363.2590710371332
0.03363366511462639       0.001                    362.9746179778165
0.035                     0.001                    362.7016478192942
0.03636633488537362       0.001                    362.4391911255628
0.03773705983522413       0.001                    362.1864155480787
0.03910339472059775       0.001                    361.944901941294
0.04047411967044824       0.001                    361.7130616728267
0.041840454555821874      0.001                    361.4923446530861
0.04321117950567238       0.001                    361.2812990558452
0.04457751439104599       0.001                    361.08124473325717
0.04594823934089649       0.001                    360.89086578419665
0.04731457422627011       0.001                    360.7113528031724
0.04868529917612062       0.001                    360.5415250159059
0.05005163406149424       0.001                    360.382444481506
0.05142235901134474       0.001                    360.23306483625265
0.05278869389671838       0.001                    360.09432024812816
0.05415941884656887       0.001                    359.96529812921983
0.055525753731942504      0.001                    359.84680532307544
0.05689647868179299       0.001                    359.7380624639894
0.0582628135671666        0.001                    359.6397495605288
0.0596335385170171        0.001                    359.55121999640716
0.060999873402390735      0.001                    359.47302735772337
0.062370598352241235      0.001                    359.4046573854316
0.06373619079679622       0.001                    359.3465664413313
0.06510486133138965       0.001                    359.2983739325778
0.06644206755009621       0.001                    359.26097926577154
0.06775256260766026       0.001                    359.23361866138293
0.06888641509066253       0.001                    359.21736102342436
0.07                      0.001                    359.20808818855255
0                         0.002                    373.15
0.0022271698186750208     0.002                    372.25943522264765
0.0048481599338031246     0.002                    371.25455892532256
0.007585501002989997      0.002                    370.25147202688174
0.010326950902691         0.002                    369.2937646492891
0.013068400802392001      0.002                    368.382395382242
0.015809850702093002      0.002                    367.51680959926955
0.018551300601794003      0.002                    366.69648053881855
0.021292750501495004      0.002                    365.9209089807571
0.024034200401196006      0.002                    365.18962294261473
0.026775650300897003      0.002                    364.5021773923522
0.029517100200598008      0.002                    363.8581539775325
0.03225855010029901       0.002                    363.2571607707912
0.035                     0.002                    362.69883202167483
0.03774144989970101       0.002                    362.1828279644652
0.040482899799402006      0.002                    361.7088345870677
0.043224349699103         0.002                    361.276563425754
0.045965799598804         0.002                    360.8857514173744
0.048707249498505         0.002                    360.53616072912337
0.05144869939820602       0.002                    360.22757861387436
0.05419014929790701       0.002                    359.9598172807062
0.056931599197608         0.002                    359.73271378062714
0.05967304909730901       0.002                    359.54612990740236
0.06241449899701          0.002                    359.3999521136189
0.06515184006619688       0.002                    359.29421996785766
0.06777283018132499       0.002                    359.2305922766548
0.07                      0.002                    359.2054137391634
